n,posterior,prior
1.0,0.413,0.413
2.0,0.24243099999999995,0.17056899999999997
3.0,0.16954269499999997,0.070444997
4.0,0.11951213312499999,0.029093783760999994
5.0,0.09074000790140299,0.012015732693292997
6.0,0.07147889935872911,0.004962497602330008
7.0,0.0588948633428809,0.002049511509762293
8.0,0.04982635345343514,0.0008464482535318269
9.0,0.04347082305455622,0.00034958312870864454
10.0,0.03873954230993129,0.00014437783215667018
11.0,0.0352092141258092,5.962804468070478e-05
12.0,0.0325191489625871,2.4626382453131072e-05
13.0,0.030440800449737963,1.0170695953143133e-05
14.0,0.028819240572894943,4.2004974286481134e-06
15.0,0.027550556562191686,1.7348054380316707e-06
16.0,0.026551477482162907,7.1647464590708e-07
17.0,0.025764438425010486,2.95904028759624e-07
18.0,0.025146839531816543,1.222083638777247e-07
19.0,0.024663198101128044,5.0472054281500303e-08
20.0,0.02428885588035501,2.0844958418259624e-08
21.0,0.024003331635383377,8.608967826741225e-09
22.0,0.023790526124193072,3.5555037124441257e-09
23.0,0.023638030336640796,1.4684230332394238e-09
24.0,0.023535846422694677,6.064587127278819e-10
25.0,0.02347593347225978,2.5046744835661523e-10
41.0,0.025368932608129204,1.7945357637255574e-16
51.0,0.027839106079661342,2.5909118329431048e-20
61.0,0.030827575953016287,3.7407023374939016e-24
71.0,0.03416448133414013,5.400744942307585e-28
81.0,0.03772895558077493,7.797478468014696e-32
91.0,0.04143180368457431,1.1257830375002758e-35
101.0,0.04520664461633677,1.6253811443304113e-39
111.0,0.04900366113337557,2.3466900604675264e-43
121.0,0.05278521393126254,3.388100236739067e-47
131.0,0.05652280544481145,4.8916656730988736e-51
141.0,0.060194945064118426,7.062480855172141e-55
151.0,0.06378559989229537,1.0196656755177397e-58
161.0,0.06728303184174265,1.4721711975581802e-62
171.0,0.0706788997625596,2.12548886066939e-66
181.0,0.07396755206554788,3.0687347397659736e-70
191.0,0.07714546199199117,4.4305726919127464e-74
201.0,0.08021077327062215,6.396764804709049e-78
