prior,posterior,n
0.413,0.413,1.0
5.9628044680704787e-05,0.0352092141258092,11.0
8.608967826741225e-09,0.024003331635383374,21.0
1.242944111931418e-12,0.02371994560496484,31.0
1.7945357637255574e-16,0.025368932608129204,41.0
2.5909118329431048e-20,0.027839106079661342,51.0
3.7407023374939016e-24,0.030827575953016287,61.0
5.400744942307585e-28,0.03416448133414013,71.0
7.797478468014696e-32,0.03772895558077493,81.0
1.1257830375002758e-35,0.04143180368457431,91.0
1.6253811443304113e-39,0.045206644616336764,101.0
2.3466900604675264e-43,0.04900366113337557,111.0
3.388100236739067e-47,0.05278521393126254,121.0
4.891665673098874e-51,0.05652280544481145,131.0
7.062480855172142e-55,0.060194945064118426,141.0
1.01966567551774e-58,0.06378559989229537,151.0
1.4721711975581802e-62,0.06728303184174265,161.0
2.1254888606693906e-66,0.0706788997625596,171.0
3.068734739765974e-70,0.07396755206554788,181.0
4.430572691912747e-74,0.07714546199199117,191.0
6.39676480470905e-78,0.08021077327062215,201.0
