n,prior,posterior
1,0.128535187,0.128535187
11,1.5821307480274093e-10,1.7317909956299747e-05
21,1.947433821256875e-19,4.000592413443685e-07
31,2.397082853552791e-28,6.547095588570011e-08
41,2.9505527448877907e-37,3.054059379112515e-08
51,3.631815015263989e-46,2.5370026952546667e-08
61,4.470376043251715e-55,2.877602855448832e-08
71,5.5025550266431296e-64,3.8469615527978274e-08
81,6.77305701540301e-73,5.5474196153163615e-08
91,8.336909147074145e-82,8.198053800290725e-08
101,1.0261843945578084e-90,1.2087777517032836e-07
111,1.2631232907264528e-99,1.7564755072885535e-07
121,1.5547697431738174e-108,2.5033931853551166e-07
131,1.913755349169854e-117,3.495732199391509e-07
141,2.3556282546378195e-126,4.785512192815791e-07
151,2.899526565114528e-135,6.430683544279491e-07
